# Minecraft (Theme Song)
31 0

# Prelude
4 3 6
0 0 10
2 3 6
0 0 4
11 2 6
4 3 6
0 0 10
2 3 6
0 0 4
11 2 6

4 3 6
0 0 6
11 5 2
0 0 2
2 3 6
0 0 4
11 2 6 ; 6 5 2 2
4 3 6
0 0 6
11 5 2
0 0 2
2 3 6
0 0 4
11 2 6 ; 6 5 2 2 ; 2 5 2 2

# Main 1
4 3 6
2 5 2
6 5 2
4 5 2
11 5 2
0 0 2
2 3 6
2 6 2 ; 1 6 2 3
0 0 2
11 2 6 ; 9 5 2 2
4 3 6
2 5 2
6 5 2
4 5 2
11 5 2
0 0 2
2 3 6
2 6 2 ; 1 6 2 3
0 0 2
11 2 6 ; 9 5 2 2

4 3 6
2 5 2
6 5 2
4 5 2
11 5 2 ; 9 5 2
0 0 2
2 3 6
2 6 2 ; 1 6 2 3 ; 2 6 2 3
0 0 2
11 2 6 ; 9 5 2 2 ; 6 5 2 2
4 3 6
2 5 2
6 5 2
4 5 2
11 5 2 ; 9 5 2
0 0 2
2 3 6
2 6 2 ; 1 6 2 3 ; 2 6 2 3
0 0 2
11 2 6 ; 9 5 2 2 ; 6 5 2 2

6 3 6 ; 1 3 6
9 5 2
6 5 2
6 6 2
6 6 2
0 0 2
4 3 6 ; 11 2 6
11 5 2
0 0 1
8 5 2 ; 2 5 2
0 0 1
8 5 2 ; 4 5 2
0 0 2
6 3 6 ; 1 3 6
9 4 2
6 4 2
6 5 2
6 5 2
0 0 2
8 3 6 ; 3 3 6
11 5 2
4 3 6 ; 11 3 6 ; 8 5 2 1 ; 4 4 2 1 ; 8 5 2 4 ; 4 4 2 4
0 0 2