# Stardew Valley Overture
# Beat 3/4
90.5 -1

0 3 8
4 3 8
7 3 12
7 3 4
0 4 12
0 4 4

0 3 8
5 3 8
9 3 12
9 3 4
0 4 12
0 4 4

0 3 8
4 3 8
7 3 12
7 3 4
0 4 12
0 4 4
4 4 48 ; 0 3 32

0 3 8 ; 0 2 40
4 3 8
7 3 12
7 3 4
0 4 12 ; 0 3 8 8
0 4 4

0 3 8 ; 0 2 40
5 3 8
9 3 12
9 3 4
0 4 12 ; 0 3 8 8
0 4 4

0 3 8 ; 0 2 40
4 3 8
7 3 12
7 3 4
0 4 12 ; 0 3 8 8
0 4 4
0 3 48 ; 0 2 48

# Part 1
0 3 8 ; 0 2 8 ; 4 5 32
4 3 8
7 3 12
7 3 4
0 4 8 ; 7 5 16
0 3 8 ; 0 2 8
5 3 8 ; 5 2 8 ; 5 5 16
5 3 8
9 3 12 ; 4 5 16
9 3 4
0 4 8 ; 5 5 16
0 3 8 ; 5 2 8
0 3 8 ; 0 2 8 ; 7 5 32
4 3 8
7 3 12
7 3 4
0 4 8 ; 4 5 16
0 3 8 ; 0 2 8
0 3 8 ; 0 2 8 ; 0 5 48
4 3 8
7 3 12
7 3 4
0 4 8
0 3 8 ; 0 2 8

0 3 8 ; 0 2 8 ; 4 5 32
4 3 8
7 3 12
7 3 4
0 4 8 ; 7 5 16
0 3 8 ; 0 2 8
5 3 8 ; 5 2 8 ; 5 5 16
5 3 8
9 3 12 ; 9 5 16
9 3 4
0 4 8 ; 7 5 16
5 3 8 ; 5 2 8
7 2 8 ; 7 3 8 ; 2 5 96
2 3 8
7 3 12
7 3 4
11 3 8
7 3 8 ; 7 2 8
7 2 8 ; 7 3 8
11 2 8
2 3 8
7 3 8
11 3 8
7 3 8 ; 7 2 8

0 3 8 ; 0 2 8 ; 4 5 32
4 3 8
7 3 12
7 3 4
0 4 8 ; 7 5 16
0 3 8 ; 0 2 8
5 3 8 ; 5 2 8 ; 5 5 16
5 3 8
9 3 12 ; 4 5 16
9 3 4
0 4 8 ; 5 5 16
5 3 8 ; 5 2 8
0 3 8 ; 0 2 8 ; 7 5 32
4 3 8
7 3 12
7 3 4
0 4 8 ; 4 5 16
0 3 8 ; 0 2 8
0 3 8 ; 0 2 8 ; 0 5 40
4 3 8
7 3 12
7 3 4
0 4 8
0 3 8 ; 2 5 8

0 3 8 ; 0 2 8 ; 4 5 16
4 3 8
7 3 12 ; 2 5 16
7 3 4
0 4 8 ; 0 5 16
0 3 8 ; 0 2 8
5 3 8 ; 5 2 8 ; 9 4 32 ; 5 4 32
5 3 8
9 3 12
9 3 4
0 4 8 ; 7 4 16 ; 4 4 16
5 3 8 ; 5 2 8
0 3 8 ; 0 2 8 ; 0 5 96 ; 4 4 48
4 3 8
7 3 12
7 3 4
0 4 8
0 3 8 ; 0 2 8
0 3 8 ; 0 2 8
4 3 8
7 3 8
0 4 8
4 4 8
7 4 8

# Part 1-2
0 3 8 ; 0 2 8 ; 4 5 32
4 3 8
7 3 12
7 3 4
0 4 8 ; 7 5 16
0 3 8 ; 0 2 8
5 3 8 ; 5 2 8 ; 5 5 16
5 3 8
9 3 12 ; 4 5 16
9 3 4
0 4 8 ; 5 5 16
0 3 8 ; 5 2 8
0 3 8 ; 0 2 8 ; 7 5 32
4 3 8
7 3 12
7 3 4
0 4 8 ; 4 5 16
0 3 8 ; 0 2 8
0 3 8 ; 0 2 8 ; 0 5 48
4 3 8
7 3 12
7 3 4
0 4 8
0 3 8 ; 0 2 8

0 3 8 ; 0 2 8 ; 4 5 32
4 3 8
7 3 12
7 3 4
0 4 8 ; 7 5 16
0 3 8 ; 0 2 8
5 3 8 ; 5 2 8 ; 5 5 16
5 3 8
9 3 12 ; 9 5 16
9 3 4
0 4 8 ; 7 5 16
5 3 8 ; 5 2 8
7 2 8 ; 7 3 8 ; 2 5 96
2 3 8
7 3 12
7 3 4
11 3 8
7 3 8 ; 7 2 8
7 2 8 ; 7 3 8
11 2 8
2 3 8
7 3 8
11 3 8
7 3 8 ; 7 2 8

0 3 8 ; 0 2 8 ; 4 5 32
4 3 8
7 3 12
7 3 4
0 4 8 ; 7 5 16
0 3 8 ; 0 2 8
5 3 8 ; 5 2 8 ; 5 5 16
5 3 8
9 3 12 ; 4 5 16
9 3 4
0 4 8 ; 5 5 16
5 3 8 ; 5 2 8
0 3 8 ; 0 2 8 ; 7 5 32
4 3 8
7 3 12
7 3 4
0 4 8 ; 7 2 16 ; 0 5 16
0 3 8
5 3 8 ; 5 2 32 ; 9 5 16
5 3 8
9 3 12 ; 7 5 16
9 3 4
0 4 8 ; 9 1 8 ; 5 5 16
0 3 8
0 3 8 ; 0 2 8 ; 4 5 16
4 3 8
7 3 12 ; 2 5 16
7 3 4
0 4 8 ; 0 5 16
0 3 8 ; 0 2 8
5 3 8 ; 5 2 8 ; 9 4 32 ; 5 4 32
5 3 8
9 3 12
9 3 4
0 4 8 ; 7 4 16 ; 4 4 16
5 3 8 ; 5 2 8
0 3 8 ; 0 2 8 ; 0 5 96 ; 4 4 48
4 3 8
7 3 12
7 3 4
0 4 8
0 3 8 ; 0 2 8
0 3 8 ; 0 2 8
4 3 8
7 3 8
0 4 8
4 4 8
7 4 8 ; 7 3 8

# Part 2
4 3 8 ; 9 2 8 ; 0 6 40
9 3 8
0 4 8
4 4 8
0 4 8
9 3 8 ; 9 2 8 ; 11 5 8
5 3 8 ; 5 2 8 ; 9 5 32
9 3 8
0 4 8
5 4 8
0 4 8 ; 5 5 16
9 3 8 ; 5 3 8 ; 5 2 8
4 3 8 ; 0 3 8 ; 7 5 40
7 3 8
0 4 8
4 4 8
0 4 8
7 3 8 ; 9 2 8 ; 4 5 8
2 3 8 ; 7 2 8 ; 2 5 32
7 3 8
11 3 8
2 4 8
11 3 8 ; 0 5 8
7 3 8 ; 8 2 8 ; 2 5 8
4 3 8 ; 9 2 8 ; 4 5 32
9 3 8
0 4 8
4 4 8
0 4 8 ; 9 4 16
9 3 8 ; 9 2 8
5 3 8 ; 5 2 8 ; 5 5 16
9 3 8
0 4 8 ; 4 5 16
5 4 8
0 4 8 ; 5 5 16
9 3 8 ; 5 2 8
4 3 8 ; 0 3 8 ; 7 5 96
7 3 8
0 4 8
4 4 8
0 4 8 ; 7 5 2 4
7 3 8 ; 9 2 8 ; 11 5 2 0 ; 0 6 2 4
2 3 8 ; 7 2 8 ; 7 6 2 0 ; 7 5 2 4
7 3 8 ; 11 5 2 0 ; 7 6 2 4
11 3 8 ; 7 5 2 0 ; 11 5 2 4
2 4 8 ; 7 6 2 0 ; 7 5 2 4
11 3 8 ; 11 5 2 0 ; 7 6 2 4
7 3 8 ; 8 2 8

# Part 2-2
4 3 8 ; 9 2 8 ; 0 6 40
9 3 8
0 4 8
4 4 8
0 4 8
9 3 8 ; 9 2 8 ; 11 5 8
5 3 8 ; 5 2 8 ; 9 5 32
9 3 8
0 4 8
5 4 8
0 4 8 ; 5 5 16
9 3 8 ; 5 3 8 ; 5 2 8
4 3 8 ; 0 3 8 ; 7 5 40
7 3 8
0 4 8
4 4 8
0 4 8
7 3 8 ; 2 3 8 ; 9 5 8
4 3 8 ; 4 3 8 ; 11 5 32
7 3 8
11 3 8
4 4 8
11 3 8 ; 7 5 16
7 3 8 ; 4 3 8

4 3 8 ; 9 2 8 ; 0 6 40
9 3 8
0 4 8
4 4 8
0 4 8
9 3 8 ; 9 2 8 ; 2 6 8
4 3 8 ; 4 3 8 ; 11 5 32
7 3 8
11 3 8
4 4 8
11 3 8 ; 7 5 16
7 3 8 ; 4 3 8
4 3 8 ; 9 2 8 ; 9 5 96
9 3 8
0 4 8
4 4 8
0 4 8
9 3 8 ; 9 2 8
0 4 8 ; 9 2 8
4 4 8
9 4 8
4 4 8
0 4 8
4 4 8 ; 11 2 8

# Part 3
7 6 4 ; 0 4 8 ; 0 3 8
4 6 4
2 6 4
0 6 4 ; 0 4 8
7 6 4
4 6 4
2 6 4 ; 0 4 4 ; 0 3 4
0 6 4 ; 0 4 8 ; 0 3 8
7 6 4
4 6 4
2 6 4 ; 4 4 4 ; 4 3 4
0 6 4
4 6 4 ; 0 4 8 ; 0 3 8
2 6 4
0 6 4
7 5 4 ; 0 4 8
4 6 4
2 6 4
0 6 4 ; 0 4 4 ; 0 3 4
7 5 4 ; 0 4 8 ; 0 3 8
4 6 4
2 6 4
0 6 4 ; 11 3 8 ; 11 2 8
7 5 4
0 6 4 ; 9 3 8 ; 9 2 8
11 5 4
9 5 4
4 5 4 ; 9 3 8
0 6 4
11 5 4
9 5 4 ; 9 3 4 ; 9 2 4
4 5 4 ; 9 3 8 ; 9 2 8
0 6 4
11 5 4
9 5 4 ; 7 3 8 ; 7 2 8
4 5 4
9 5 4 ; 5 3 8 ; 5 2 8
7 5 4
5 5 4
0 5 4 ; 5 3 8
9 5 4
7 5 4
5 5 4 ; 5 3 4 ; 5 2 4
0 5 4 ; 5 3 8 ; 5 2 8
9 5 4
7 5 4
5 5 4 ; 7 3 4 ; 7 2 4
0 5 4

7 6 4 ; 0 4 8 ; 0 3 8
4 6 4
2 6 4
0 6 4 ; 0 4 8
7 6 4
4 6 4
2 6 4 ; 0 4 4 ; 0 3 4
0 6 4 ; 0 4 8 ; 0 3 8
7 6 4
4 6 4
2 6 4 ; 4 4 4 ; 4 3 4
0 6 4
4 6 4 ; 0 4 8 ; 0 3 8
2 6 4
0 6 4
7 5 4 ; 0 4 8
4 6 4
2 6 4
0 6 4 ; 0 4 4 ; 0 3 4
7 5 4 ; 0 4 8 ; 0 3 8
4 6 4
2 6 4
0 6 4 ; 11 3 8 ; 11 2 8
7 5 4
0 6 4 ; 9 3 8 ; 9 2 8
11 5 4
9 5 4
4 5 4 ; 9 3 8
0 6 4
11 5 4
9 5 4 ; 9 3 4 ; 9 2 4
4 5 4 ; 9 3 8 ; 9 2 8
0 6 4
11 5 4
9 5 4 ; 7 3 8 ; 7 2 8
4 5 4
9 5 4 ; 5 3 8 ; 5 2 8
7 5 4
5 5 4
0 5 4 ; 5 3 8
9 5 4
7 5 4
5 5 4 ; 5 3 4 ; 5 2 4
0 5 4 ; 5 3 8 ; 5 2 8
9 5 4
7 5 4
5 5 4 ; 7 3 4 ; 7 2 4
0 5 4

0 6 4 ; 9 3 45 ; 9 2 45
9 5 4
7 5 4
4 5 4
0 6 4
9 5 4
7 5 4
4 5 4
0 6 4
9 5 4
7 5 4
4 5 4
0 6 4 ; 5 3 45 ; 5 2 45
9 5 4
7 5 4
0 5 4
0 6 4
9 5 4
7 5 4
0 5 4
0 6 4
9 5 4
7 5 4
0 5 4
0 6 4 ; 0 4 45 ; 0 3 45
7 5 4
4 5 4
0 5 4
0 6 4
7 5 4
4 5 4
0 5 4
0 6 4
7 5 4
4 5 4
0 5 4
0 6 4 ; 0 4 45 ; 0 3 45
7 5 4
4 5 4
0 5 4
0 6 4
7 5 4
4 5 4
0 5 4
0 6 4
7 5 4
4 5 4
0 5 4

0 6 4 ; 9 3 45 ; 9 2 45
9 5 4
7 5 4
4 5 4
0 6 4
9 5 4
7 5 4
4 5 4
0 6 4
9 5 4
7 5 4
4 5 4
0 6 4 ; 5 3 45 ; 5 2 45
9 5 4
7 5 4
0 5 4
0 6 4
9 5 4
7 5 4
0 5 4
0 6 4
9 5 4
7 5 4
0 5 4
0 6 4 ; 0 4 45 ; 0 3 23
7 5 4
4 5 4
0 5 4
0 6 4
7 5 4
4 5 4
0 5 4
0 6 4
7 5 4
4 5 4
0 5 4
0 6 4
7 5 4
4 5 4
0 5 4
0 6 4
7 5 4
4 5 4
0 5 4
0 6 4
7 5 4
4 5 4
0 5 4