115.26 0

# Grasswalk from <Plants Vs. Zombies>
9  2  8
0  0  8
3  4  8; 4  3  8
4  4  8; 9  3  8
9  4  8
0  0  8
4  2  16

9  2  8
0  0  8
3  4  8; 4  3  8
4  4  8; 9  3  8
7  4  8
6  4  8
5  4  8; 4  2  16
4  4  8

9  5  8; 5  2  16
8  5  8
4  5  8; 0  3  16
7  5  8
6  5  8; 5  3  16
2  5  8
5  5  8; 0  2  16
4  5  8
0  5  16; 0  4  16; 5  3  16; 5  2  16
0  0  16
5  2  8
6  2  8
7  2  8
8  2  8

9  2  8
0  0  8
3  4  8; 4  3  8
4  4  8; 9  3  8
9  4  8
0  0  8
4  2  16

9  2  8
0  0  8
3  4  8; 4  3  8
4  4  8; 9  3  8
7  4  8
6  4  8
5  4  8; 4  2  16
4  4  8

9  5  8; 5  2  16
8  5  8
4  5  8; 0  3  16
7  5  8
6  5  8; 5  3  16
2  5  8
5  5  8; 0  2  16
4  5  8
0  5  16; 0  4  16; 5  3  16; 5  2  16
0  0  24
5  2  8
4  2  8
3  2  8

2  5  48; 5  4  48; 2  2  16; 9  2  16 16; 2  3  16 32
4  5  8; 2  2  16
5  5  8
4  5  16; 8  4  16; 4  2  16
-1 5  16; 8  4  16; -1 3  16
4  5  16; 8  4  16; 4  3  8; 2  3  8  8
2  5  16; 8  4  16; 0  3  8; -1 3  8  8
0  5  32; 4  4  32; 0  4  32; 9  3  32; 0  3  32; 9  2  32
4  5  32; 7  4  32; 4  4  32; 7  3  32; 4  3  32; 7  2  32
9  5  32; 6  5  32; 7  4  32; 6  3  16; 9  2  16; 2  3  16 16
2  2  16
2  3  16; 9  3  16

9  4  8; 5  2  16
8  4  8
9  4  8
11 4  8; 0  3  8
0  5  16; 5  3  16
0  0  16; 0  2  16
9  4  8; 2  2  16
8  4  8
9  4  8
11 4  8; 9  2  8
0  5  16; 2  3  16
2  5  16; 2  2  16
11 4  32; 8  4  32; 4  4  32; 4  3  32; 11 2  32; 4  2  32
4  5  32; 11 4  32; 8  4  32; 4  4  32; 11 3  32; 4  3  32
8  5  32; 11 4  32; 11 3  32; 8  3  32
11 5  16; 11 4  16; 11 3  16
4  6  16; 4  5  16; 4  3  16

9  4  16; 9  2  16
0  0  8; 4  3  16; 9  3  16
11 4  8
0  5  8; 4  2  16
4  4  8
0  5  8; 4  3  16; 9  3  16
11 4  8
9  4  16; 9  2  16
0  0  8; 4  3  16; 9  3  16
11 4  8
0  5  8; 4  2  16
2  5  8
0  5  8; 4  3  16; 9  3  16
11 4  8
9  4  16; 5  2  16
0  0  8; 0  3  16; 5  3  16
11 4  8
0  5  8; 0  2  16
4  4  8
0  5  8; 0  3  16; 5  3  16
11 4  8
9  4  32; 5  2  16; 0  3  16 16; 5  3  16 16
11 4  32; 7  2  16; 2  3  16 16; 7  3  16 16

9  4  16; 9  2  16
0  0  8; 4  3  16; 9  3  16
11 4  8
0  5  8; 4  2  16
4  4  8
0  5  8; 4  3  16; 9  3  16
11 4  8
9  4  16; 9  2  16
0  0  8; 4  3  16; 9  3  16
11 4  8
0  5  8; 4  2  16
2  5  8
0  5  8; 4  3  16; 9  3  16
11 4  8
9  4  16; 5  2  16
0  0  8; 0  3  16; 5  3  16
11 4  8
0  5  8; 0  2  16
4  4  8
0  5  8; 0  3  16; 5  3  16
11 4  8
9  4  32; 5  2  16; 0  3  16 16; 5  3  16 16
7  4  32; 7  2  16; 2  3  16 16; 7  3  16 16

9  4  16; 9  3  16; 9  5  8
0  0  8; 8  5  8
4  4  8; 4  5  8
9  4  16; 7  5  8
4  3  16; 6  5  8
9  3  16; 4  5  8
0  0  16
4  3  8
5  3  8
6  3  8
7  3  8
9  3  16; 9  5  8
0  0  8; 8  5  8
4  4  8; 4  5  8
9  4  16; 7  5  8
4  3  16; 6  5  8
9  3  16; 4  5  8
0  0  16
4  3  8
5  3  8
6  3  8
7  3  8

9  3  16; 9  2  16
0  4  16; 4  4  16
4  3  16; 4  2  16
0  4  16; 4  4  16
9  3  16; 9  2  8; 8  2  8  8
0  4  16; 4  4  16; 9  2  8; 0  3  8  8
4  3  16; 4  2  16
0  4  16; 4  4  16
9  3  16; 9  2  8; 8  2  8  8
0  4  16; 4  4  16; 9  2  8; 11 2  8  8
7  3  16; 0  3  16
0  4  16; 4  4  16; 4  3  16
5  3  16; 2  3  16
2  4  16; 5  4  16; 0  3  16
4  3  16; 11 2  16
11 3  16; 4  4  16

9  3  16; 9  2  16
0  4  16; 4  4  16
11 3  16; 7  2  16
2  4  16; 7  4  16
7  3  16; 0  3  8; 11 2  8  8
0  4  16; 4  4  16; 0  3  8; 4  3  8  8
5  3  16; 5  3  8
2  4  16; 5  4  16
9  3  16; 4  3  16
0  4  16; 4  4  16; 0  3  8; 9  2  8  8
4  3  16; 11 2  16
11 3  16; 8  4  16; 0  3  16
9  3  16; 9  2  16
0  4  16; 4  4  16
4  4  8; 4  3  8
2  4  8
0  4  8
11 3  8

9  3  16; 9  2  16; 9  5  16; 9  4  32
0  4  16; 4  4  16; 0  6  16
4  3  16; 4  2  16; 4  5  32; 0  5  16
0  4  16; 4  4  16; 11 4  16
9  3  16; 9  2  8; 8  2  8  8; 9  5  16; 9  4  32
0  4  16; 4  4  16; 9  2  8; 0  3  8  8; 0  6  16
4  3  16; 4  2  16; 4  5  32; 0  5  16
0  4  16; 4  4  16; 11 4  16
9  3  16; 9  2  8; 8  2  8  8; 0  6  64; 9  5  32
0  4  16; 4  4  16; 9  2  8; 11 2  8  8
7  3  16; 0  3  16; 4  5  32
0  4  16; 4  4  16; 4  3  16
5  3  16; 2  3  16; 2  6  16; 5  5  32
2  4  16; 5  4  16; 0  3  16; 0  6  16
4  3  16; 11 2  16; 11 5  32; 8  5  16
11 3  16; 4  4  16; 4  5  16

9  3  16; 9  2  16; 9  5  32; 4  5  16
0  4  16; 4  4  16; 9  3  16
11 3  16; 7  2  16; 11 5  16; 2  5  32
2  4  16; 7  4  16; 7  5  16
7  3  16; 0  3  8; 11 2  8  8; 0  6  32; 7  5  16
0  4  16; 4  4  16; 0  3  8; 4  3  8  8; 4  5  16
5  3  16; 5  3  8; 2  6  16; 5  5  32; 2  5  32
2  4  16; 5  4  16; 5  6  16
9  3  16; 4  3  16; 4  6  64
0  4  16; 4  4  16; 0  3  8; 9  2  8  8
4  3  16; 11 2  16
11 3  16; 8  4  16; 0  3  16
9  3  16; 9  2  16
0  4  16; 4  4  16
4  4  8; 4  3  8
2  4  8
0  4  8
11 3  8

4  4  16; 9  3  16; 9  2  16
9  4  8; 0  4  16; 4  4  16
0  5  8
4  5  16; 4  3  16; 4  2  16
5  5  16; 0  4  16; 4  4  16
9  3  16; 9  2  8; 8  2  8  8; 4  5  24
0  4  16; 4  4  16; 9  2  8; 0  3  8  8; 0  5  8  8
4  3  16; 4  2  16; 9  4  24
0  4  16; 4  4  16; 4  5  8  8

9  5  8; 9  3  16; 9  2  8
8  5  8; 8  2  8
4  5  8; 0  4  16; 4  4  16; 9  2  8
0  0  8; 11 2  8
7  5  8; 7  3  16; 0  3  16
4  5  8
0  5  8; 0  4  16; 4  4  16; 4  3  16
0  0  8
2  5  8; 5  3  16; 2  3  16
9  4  8
2  5  8; 2  4  16; 5  4  16; 0  3  16
0  5  8
11 4  16; 4  3  16; 11 2  16
0  0  16; 11 3  16; 4  4  16
3  4  8; 9  3  16; 9  2  16
4  4  8
9  4  16; 0  4  16; 4  4  16
7  4  16; 11 3  16; 7  2  16
5  4  16; 2  4  16; 7  4  16
4  4  16; 7  3  16; 0  3  8; 11 2  8  8
9  4  16; 0  4  16; 4  4  16; 0  3  8; 4  3  8  8
0  5  16; 5  3  16; 5  3  8
2  5  16; 2  4  16; 5  4  16
9  3  16; 4  3  16; 4  5  64
0  4  16; 4  4  16; 0  3  8; 9  2  8  8
4  3  16; 11 2  16
11 3  16; 8  4  16; 0  3  16; 9  3  8  16; 9  2  8  16

4  6  8; 0  5  64; 4  5  64
0  6  8
9  5  8
4  5  8
4  6  8
0  6  8
9  5  8
4  5  8
5  6  8; 2  5  64; 5  5  64
2  6  8
9  5  8
5  5  8
5  6  8
2  6  8
9  5  8
5  5  8
4  6  8; 0  5  64; 4  5  64
0  6  8
9  5  8
4  5  8
4  6  8
0  6  8
9  5  8
4  5  8
5  6  8; 2  5  64; 5  5  64
2  6  8
9  5  8
5  5  8
5  6  8
2  6  8
9  5  8
5  5  8

4  6  8; 0  5  64; 4  5  64; 9  3  64; 9  2  64
0  6  8
9  5  8
4  5  8
4  6  8
0  6  8
9  5  8
4  5  8
5  6  8; 2  5  64; 5  5  64; 11 3  64; 11 2  64
2  6  8
9  5  8
5  5  8
5  6  8
2  6  8
9  5  8
5  5  8
4  6  8; 0  5  64; 4  5  64; 0  4  64; 0  3  64
0  6  8
9  5  8
4  5  8
4  6  8
0  6  8
9  5  8
4  5  8
5  6  8; 2  5  64; 5  5  64; 2  4  64; 2  3  64
2  6  8
9  5  8
5  5  8
5  6  8
2  6  8
9  5  8
5  5  8

4  6  8; 0  5  64; 4  5  64; 9  3  64; 9  2  64; 4  4  64
0  6  8
9  5  8
4  5  8
4  6  8
0  6  8
9  5  8
4  5  8
5  6  8; 2  5  64; 5  5  64; 11 3  64; 11 2  64; 9  4  56
2  6  8
9  5  8
5  5  8
5  6  8
2  6  8
9  5  8
5  5  8; 0  5  8
4  6  8; 0  5  64; 4  5  64; 0  4  64; 0  3  64; 4  5  64
0  6  8
9  5  8
4  5  8
4  6  8
0  6  8
9  5  8
4  5  8
5  6  8; 2  5  64; 5  5  64; 2  4  64; 2  3  64; 9  5  64
2  6  8
9  5  8
5  5  8
5  6  8
2  6  8
9  5  8
5  5  8

4  6  8; 0  5  64; 4  5  64; 9  3  64; 9  2  64; 4  4  64
0  6  8
9  5  8
4  5  8
4  6  8
0  6  8
9  5  8
4  5  8
5  6  8; 2  5  64; 5  5  64; 11 3  64; 11 2  64; 9  4  56
2  6  8
9  5  8
5  5  8
5  6  8
2  6  8
9  5  8
5  5  8; 0  5  8
4  6  8; 0  5  64; 4  5  64; 0  4  64; 0  3  64; 4  5  64
0  6  8
9  5  8
4  5  8
4  6  8
0  6  8
9  5  8
4  5  8
5  6  8; 2  5  64; 5  5  64; 2  4  64; 2  3  64; 9  5  56
2  6  8
9  5  8
5  5  8
5  6  8
2  6  8
9  5  8
0  0  8
